prompt_bits: 156.17036934287742
correction_bits: 86.2218246459961
total_bits: 242.39219398887352
original_bits: 484.12814496292
compression_ratio: 1.9972926396513528
accuracy: 0.4838709533214569
Text: The Moon is Earth's only natural satellite. It is the fifth largest satellite in the Solar System and the largest and most massive relative to its parent planet.
Discrete Prompt IDs: [21092, 33653, 19466, 25941, 38193, 50256, 31752, 47829, 1584, 33853]
Discrete Prompt Text:  Wizards Bhar libertarianthren drifting Biblical remission 2016 filib
