prompt_bits: 156.17036934287742
correction_bits: 23.77443766593933
total_bits: 179.94480700881675
original_bits: 140.55333240858968
compression_ratio: 0.7810913509813205
accuracy: 0.3333333432674408
Text: The Moon is Earth's only natural satellite.
Discrete Prompt IDs: [8438, 44724, 6570, 45049, 17500, 49064, 12207, 15093, 7538, 28072]
Discrete Prompt Text: everalSTATEaph taxisosc MSG bundateur feedback251
