prompt_bits: 78.08518467143871
correction_bits: 94.95087766647339
total_bits: 173.03606233791209
original_bits: 484.12814496292
compression_ratio: 2.7978453648436257
accuracy: 0.3870967626571655
Text: The Moon is Earth's only natural satellite. It is the fifth largest satellite in the Solar System and the largest and most massive relative to its parent planet.
Discrete Prompt IDs: [20876, 44239, 3643, 42996, 8173]
Discrete Prompt Text:  PriestEvaorge plunder technique
